V|| T=673.15 || T=723.15 || T=773.15 || T=823.15 || T=873.15 
 0.5	-8.932682632115266e-13	-1.6674358531669918e-10	-1.630609318884949e-08	-9.211386135192794e-07	-3.300910086128333e-05
0.5100502512562815	-9.08688122011794e-13	-1.6962196200075363e-10	-1.658757375287634e-08	-9.370395784823412e-07	-3.357891364358772e-05
0.5201005025125628	-9.240654989514098e-13	-1.724924087291075e-10	-1.686827883521739e-08	-9.528967361326033e-07	-3.414715658614658e-05
0.5301507537688442	-9.39401328715282e-13	-1.7535509997646133e-10	-1.714822549800263e-08	-9.687110503175414e-07	-3.4713864228537385e-05
0.5402010050251256	-9.546965081128535e-13	-1.7821020314742134e-10	-1.7427430111967415e-08	-9.844834458274346e-07	-3.5279069710718825e-05
0.550251256281407	-9.699518982883608e-13	-1.8105787898908152e-10	-1.7705908396799496e-08	-1.0002148106745865e-06	-3.584280485470692e-05
0.5603015075376885	-9.851683267641284e-13	-1.8389828197243908e-10	-1.7983675458438153e-08	-1.0159059982003712e-06	-3.640510024008119e-05
0.5703517587939698	-1.000346589332278e-12	-1.8673156064551356e-10	-1.8260745823606235e-08	-1.0315578290259629e-06	-3.696598527388928e-05
0.5804020100502513	-1.015487451808569e-12	-1.8955785796073113e-10	-1.8537133471825514e-08	-1.047171092860899e-06	-3.752548825545704e-05
0.5904522613065326	-1.030591651660629e-12	-1.9237731157886116e-10	-1.8812851865139097e-08	-1.0627465501821113e-06	-3.808363643655678e-05
0.6005025125628141	-1.0456598995215586e-12	-1.9519005415155587e-10	-1.9087913975741384e-08	-1.0782849337947562e-06	-3.864045607733972e-05
0.6105527638190955	-1.0606928805987549e-12	-1.9799621358433113e-10	-1.9362332311695325e-08	-1.0937869502849926e-06	-3.919597249839657e-05
0.6206030150753769	-1.0756912559868188e-12	-2.0079591328164286e-10	-1.9636118940898785e-08	-1.1092532813738553e-06	-3.9750210129273584e-05
0.6306532663316583	-1.090655663892517e-12	-2.0358927237554676e-10	-1.9909285513445523e-08	-1.1246845851804338e-06	-4.030319255373884e-05
0.6407035175879396	-1.1055867207790022e-12	-2.0637640593928626e-10	-2.0181843282512247e-08	-1.1400814974017937e-06	-4.0854942552064744e-05
0.6507537688442211	-1.120485022435789e-12	-2.0915742518702154e-10	-2.0453803123890413e-08	-1.155444632416336e-06	-4.1405482140567116e-05
0.6608040201005025	-1.13535114498038e-12	-2.1193243766080018e-10	-2.0725175554270324e-08	-1.1707745843166753e-06	-4.195483260861839e-05
0.6708542713567839	-1.1501856457968803e-12	-2.1470154740576488e-10	-2.0995970748375008e-08	-1.1860719278775379e-06	-4.250301455333246e-05
0.6809045226130653	-1.1649890644164433e-12	-2.1746485513450418e-10	-2.1266198555032216e-08	-1.201337219463679e-06	-4.305004791209989e-05
0.6909547738693467	-1.1797619233439641e-12	-2.2022245838136818e-10	-2.1535868512265257e-08	-1.2165709978823691e-06	-4.359595199313695e-05
0.7010050251256281	-1.1945047288350336e-12	-2.229744516475002e-10	-2.1804989861475814e-08	-1.231773785184589e-06	-4.41407455041964e-05
0.7110552763819096	-1.209217971626809e-12	-2.257209265372666e-10	-2.2073571560785603e-08	-1.246946087418704e-06	-4.468444657957565e-05
0.721105527638191	-1.2239021276261604e-12	-2.2846197188671028e-10	-2.2341622297598056e-08	-1.2620883953400821e-06	-4.522707280554583e-05
0.7311557788944724	-1.2385576585581392e-12	-2.311976738845985e-10	-2.2609150500435733e-08	-1.277201185079792e-06	-4.576864124431481e-05
0.7412060301507537	-1.253185012577572e-12	-2.339281161865874e-10	-2.287616435010464e-08	-1.2922849187752827e-06	-4.630916845662755e-05
0.7512562814070352	-1.2677846248463541e-12	-2.366533800229831e-10	-2.314267179023235e-08	-1.3073400451656854e-06	-4.684867052309885e-05
0.7613065326633166	-1.2823569180787904e-12	-2.3937354430053943e-10	-2.340868053722293e-08	-1.3223670001541716e-06	-4.7387163064365584e-05
0.771356783919598	-1.2969023030571596e-12	-2.4208868569869586e-10	-2.3674198089668216e-08	-1.3373662073396018e-06	-4.792466126013825e-05
0.7814070351758794	-1.3114211791194852e-12	-2.44798878760629e-10	-2.3939231737251834e-08	-1.352338078519516e-06	-4.8461179867225805e-05
0.7914572864321607	-1.3259139346213567e-12	-2.475041959794589e-10	-2.4203788569179457e-08	-1.3672830141663643e-06	-4.899673323660139e-05
0.8015075376884422	-1.3403809473734909e-12	-2.50204707879927e-10	-2.446787548216621e-08	-1.3822014038787175e-06	-4.953133532957151e-05
0.8115577889447236	-1.3548225850565898e-12	-2.529004830958371e-10	-2.4731499188009714e-08	-1.3970936268090728e-06	-5.006499973310651e-05
0.8216080402010051	-1.3692392056149546e-12	-2.5559158844352913e-10	-2.4994666220775223e-08	-1.411960052069746e-06	-5.059773967438574e-05
0.8316582914572864	-1.3836311576301703e-12	-2.5827808899163466e-10	-2.5257382943617072e-08	-1.426801039118217e-06	-5.112956803460647e-05
0.8417085427135678	-1.3979987806761188e-12	-2.60960048127345e-10	-2.551965555525918e-08	-1.4416169381232153e-06	-5.1660497362102685e-05
0.8517587939698492	-1.4123424056564438e-12	-2.636375276194057e-10	-2.5781490096155324e-08	-1.456408090312721e-06	-5.219053988481555e-05
0.8618090452261307	-1.426662355125553e-12	-2.663105876780364e-10	-2.6042892454348826e-08	-1.471174828304976e-06	-5.271970752215538e-05
0.8718592964824121	-1.4409589435941275e-12	-2.689792870119599e-10	-2.630386837104946e-08	-1.485917476423529e-06	-5.3248011896291294e-05
0.8819095477386935	-1.4552324778200607e-12	-2.716436828827097e-10	-2.6564423445944346e-08	-1.5006363509972502e-06	-5.3775464342902215e-05
0.8919597989949749	-1.4694832570856873e-12	-2.74303831156381e-10	-2.682456314225862e-08	-1.51533176064621e-06	-5.4302075921421456e-05
0.9020100502512562	-1.483711573462079e-12	-2.7695978635296465e-10	-2.7084292791580033e-08	-1.530004006554223e-06	-5.4827857424803204e-05
0.9120603015075377	-1.4979177120611638e-12	-2.7961160169341e-10	-2.734361759846118e-08	-1.5446533827288302e-06	-5.535281938883922e-05
0.9221105527638191	-1.5121019512763505e-12	-2.822593291445418e-10	-2.7602542644812012e-08	-1.5592801762494335e-06	-5.5876972101050594e-05
0.9321608040201005	-1.5262645630123019e-12	-2.849030194619506e-10	-2.786107289409417e-08	-1.573884667504237e-06	-5.640032560917866e-05
0.9422110552763819	-1.5404058129044583e-12	-2.8754272223097104e-10	-2.8119213195328296e-08	-1.58846713041662e-06	-5.6922889729297035e-05
0.9522613065326633	-1.5545259605288726e-12	-2.901784859058508e-10	-2.837696828692444e-08	-1.6030278326615182e-06	-5.744467405356574e-05
0.9623115577889447	-1.568625259602885e-12	-2.928103578472102e-10	-2.8634342800345232e-08	-1.6175670358723615e-06	-5.796568795764671e-05
0.9723618090452262	-1.5827039581771252e-12	-2.9543838435788234e-10	-2.889134126361082e-08	-1.6320849958390644e-06	-5.8485940607798965e-05
0.9824120603015075	-1.5967622988193031e-12	-2.9806261071722085e-10	-2.9147968104653823e-08	-1.6465819626975537e-06	-5.9005440967670184e-05
0.992462311557789	-1.610800518790224e-12	-3.0068308121395616e-10	-2.94042276545324e-08	-1.6610581811112716e-06	-5.952419780480108e-05
1.0025125628140703	-1.6248188502124225e-12	-3.0329983917767394e-10	-2.966012415050857e-08	-1.6755138904450757e-06	-6.0042219696856904e-05
1.0125628140703518	-1.6388175202318091e-12	-3.0591292700898894e-10	-2.991566173899895e-08	-1.6899493249319248e-06	-6.0559515037600825e-05
1.0226130653266332	-1.652796751172672e-12	-3.085223862084788e-10	-3.017084447840429e-08	-1.7043647138327208e-06	-6.107609204262182e-05
1.0326633165829144	-1.666756760686383e-12	-3.111282574044424e-10	-3.04256763418239e-08	-1.7187602815896495e-06	-6.159195875482969e-05
1.042713567839196	-1.680697761894109e-12	-3.137305803795398e-10	-3.068016121966089e-08	-1.7331362479733496e-06	-6.210712304972879e-05
1.0527638190954773	-1.6946199635238342e-12	-3.1632939409636906e-10	-3.093430292212333e-08	-1.7474928282242077e-06	-6.262159264048139e-05
1.0628140703517588	-1.7085235700419734e-12	-3.1892473672203465e-10	-3.118810518162686e-08	-1.7618302331880776e-06	-6.313537508277126e-05
1.0728643216080402	-1.722408781779831e-12	-3.215166456517529e-10	-3.1441571655103034e-08	-1.7761486694466854e-06	-6.364847777947669e-05
1.0829145728643215	-1.7362757950551593e-12	-3.2410515753154305e-10	-3.1694705926218374e-08	-1.7904483394429819e-06	-6.416090798516249e-05
1.0929648241206031	-1.7501248022890543e-12	-3.266903082800475e-10	-3.1947511507508203e-08	-1.804729441601682e-06	-6.467267281039958e-05
1.1030150753768844	-1.763955992118395e-12	-3.292721331095209e-10	-3.219999184242915e-08	-1.8189921704452162e-06	-6.518377922592007e-05
1.1130653266331658	-1.777769549504052e-12	-3.3185066654602906e-10	-3.245215030733445e-08	-1.8332367167053136e-06	-6.56942340666159e-05
1.1231155778894473	-1.7915656558350493e-12	-3.34425942448892e-10	-3.270399021337536e-08	-1.847463267430412e-06	-6.620404403538788e-05
1.1331658291457285	-1.8053444890288677e-12	-3.36997994029408e-10	-3.295551480833213e-08	-1.8616720060890937e-06	-6.671321570685233e-05
1.1432160804020102	-1.8191062236280734e-12	-3.3956685386889053e-10	-3.320672727837789e-08	-1.8758631126697277e-06	-6.722175553091168e-05
1.1532663316582914	-1.8328510308934228e-12	-3.42132553936048e-10	-3.345763074977828e-08	-1.8900367637764789e-06	-6.772966983619511e-05
1.1633165829145728	-1.846579078893621e-12	-3.4469512560373825e-10	-3.3708228290529846e-08	-1.9041931327218673e-06	-6.823696483337535e-05
1.1733668341708543	-1.8602905325918607e-12	-3.4725459966512336e-10	-3.395852291193984e-08	-1.918332389616008e-06	-6.874364661836655e-05
1.1834170854271355	-1.873985553929303e-12	-3.498110063492518e-10	-3.420851757015007e-08	-1.9324547014526942e-06	-6.924972117540923e-05
1.1934673366834172	-1.887664301905618e-12	-3.523643753360936e-10	-3.445821516760715e-08	-1.9465602321924542e-06	-6.975519438004645e-05
1.2035175879396984	-1.9013269326567208e-12	-3.5491473577105027e-10	-3.470761855448151e-08	-1.960649142842711e-06	-7.026007200199643e-05
1.2135678391959799	-1.914973599529829e-12	-3.5746211627896576e-10	-3.495673053003749e-08	-1.9747215915351787e-06	-7.076435970792614e-05
1.2236180904522613	-1.9286044531559334e-12	-3.6000654497765506e-10	-3.5205553843956336e-08	-1.9887777336006005e-06	-7.126806306412935e-05
1.2336683417085426	-1.9422196415198174e-12	-3.6254804949097363e-10	-3.545409119761429e-08	-2.0028177216409485e-06	-7.17711875391141e-05
1.2437185929648242	-1.9558193100277155e-12	-3.6508665696144693e-10	-3.57023452453177e-08	-2.0168417055991927e-06	-7.227373850610275e-05
1.2537688442211055	-1.9694036015727003e-12	-3.676223940624769e-10	-3.595031859549656e-08	-2.03084983282673e-06	-7.277572124544842e-05
1.263819095477387	-1.9829726565979107e-12	-3.7015528701014394e-10	-3.619801381185882e-08	-2.0448422481485876e-06	-7.327714094697142e-05
1.2738693467336684	-1.9965266131576973e-12	-3.726853615746205e-10	-3.64454334145064e-08	-2.0588190939264675e-06	-7.377800271221863e-05
1.2839195979899498	-2.0100656069767644e-12	-3.7521264309121144e-10	-3.669257988101496e-08	-2.072780510119744e-06	-7.427831155664924e-05
1.2939698492462313	-2.0235897715074077e-12	-3.777371564710385e-10	-3.693945564747861e-08	-2.0867266343444812e-06	-7.477807241174956e-05
1.3040201005025125	-2.0370992379849014e-12	-3.8025892621137877e-10	-3.718606310952105e-08	-2.1006576019305503e-06	-7.52772901270801e-05
1.314070351758794	-2.05059413548113e-12	-3.827779764056759e-10	-3.743240462327454e-08	-2.1145735459769328e-06	-7.577596947225706e-05
1.3241206030150754	-2.064074590956512e-12	-3.852943307532332e-10	-3.767848250632776e-08	-2.1284745974052664e-06	-7.627411513887137e-05
1.3341708542713568	-2.0775407293102993e-12	-3.8780801256860234e-10	-3.7924299038643974e-08	-2.142360885011713e-06	-7.67717317423473e-05
1.3442211055276383	-2.0909926734293073e-12	-3.903190447906798e-10	-3.816985646345064e-08	-2.156232535517209e-06	-7.726882382374316e-05
1.3542713567839195	-2.104430544235137e-12	-3.928274499915215e-10	-3.84151569881013e-08	-2.170089673616161e-06	-7.776539585149636e-05
1.364321608040201	-2.117854460729948e-12	-3.9533325038488747e-10	-3.8660202784911275e-08	-2.1839324220236467e-06	-7.826145222311485e-05
1.3743718592964824	-2.1312645400408332e-12	-3.9783646783452484e-10	-3.8904995991967575e-08	-2.1977609015211746e-06	-7.875699726681693e-05
1.3844221105527639	-2.144660897462855e-12	-4.0033712386220107e-10	-3.914953871391457e-08	-2.21157523100106e-06	-7.925203524312146e-05
1.3944723618090453	-2.158043646500784e-12	-4.028352396554962e-10	-3.939383302271595e-08	-2.225375527509474e-06	-7.97465703463905e-05
1.4045226130653266	-2.1714128989095986e-12	-4.0533083607536114e-10	-3.9637880958393866e-08	-2.2391619062881955e-06	-8.024060670632552e-05
1.414572864321608	-2.18476876473378e-12	-4.0782393366345423e-10	-3.988168452974644e-08	-2.2529344808151407e-06	-8.073414838941985e-05
1.4246231155778895	-2.1981113523454543e-12	-4.103145526492604e-10	-4.012524571504383e-08	-2.2666933628436928e-06	-8.122719940036792e-05
1.434673366834171	-2.2114407684814207e-12	-4.128027129570032e-10	-4.0368566462704324e-08	-2.2804386624408845e-06	-8.171976368343362e-05
1.4447236180904524	-2.224757118279107e-12	-4.152884342123567e-10	-4.061164869195059e-08	-2.294170488024477e-06	-8.221184512377904e-05
1.4547738693467336	-2.23806050531149e-12	-4.177717357489634e-10	-4.085449429344712e-08	-2.307888946398966e-06	-8.270344754875471e-05
1.464824120603015	-2.251351031621016e-12	-4.202526366147669e-10	-4.1097105129919526e-08	-2.3215941427905673e-06	-8.319457472915339e-05
1.4748743718592965	-2.2646287977525615e-12	-4.227311555781639e-10	-4.133948303675606e-08	-2.3352861808811986e-06	-8.368523038042768e-05
1.484924623115578	-2.277893902785456e-12	-4.252073111339823e-10	-4.158162982259237e-08	-2.3489651628415094e-06	-8.41754181638737e-05
1.4949748743718594	-2.2911464443646244e-12	-4.2768112150929385e-10	-4.182354726987982e-08	-2.3626311893629854e-06	-8.46651416877817e-05
1.5050251256281406	-2.3043865187308442e-12	-4.3015260466906265e-10	-4.206523713543788e-08	-2.376284359689158e-06	-8.515440450855421e-05
1.515075376884422	-2.3176142207501785e-12	-4.326217783216392e-10	-4.230670115099143e-08	-2.3899247716459528e-06	-8.564321013179374e-05
1.5251256281407035	-2.3308296439425974e-12	-4.3508865992410305e-10	-4.2547941023693175e-08	-2.4035525216712022e-06	-8.613156201336038e-05
1.535175879396985	-2.3440328805098203e-12	-4.3755326668746e-10	-4.278895843663196e-08	-2.4171677048433586e-06	-8.661946356040057e-05
1.5452261306532664	-2.3572240213623988e-12	-4.4001561558169776e-10	-4.302975504932708e-08	-2.4307704149094213e-06	-8.71069181323482e-05
1.5552763819095476	-2.3704031561460807e-12	-4.4247572334070675e-10	-4.327033249820957e-08	-2.4443607443121233e-06	-8.759392904189844e-05
1.565326633165829	-2.383570373267459e-12	-4.4493360646706837e-10	-4.351069239709043e-08	-2.4579387842163812e-06	-8.808049955595583e-05
1.5753768844221105	-2.396725759918942e-12	-4.473892812367162e-10	-4.3750836337616434e-08	-2.4715046245350447e-06	-8.856663289655696e-05
1.585427135678392	-2.4098694021030705e-12	-4.4984276370347497e-10	-4.3990765889713986e-08	-2.4850583539539697e-06	-8.9052332241769e-05
1.5954773869346734	-2.423001384656189e-12	-4.5229406970347863e-10	-4.4230482602021244e-08	-2.49860005995643e-06	-8.95376007265644e-05
1.605527638190955	-2.4361217912715003e-12	-4.5474321485947517e-10	-4.446998800230905e-08	-2.5121298288468926e-06	-9.002244144367304e-05
1.6155778894472361	-2.4492307045215312e-12	-4.571902145850192e-10	-4.4709283597890886e-08	-2.525647745774183e-06	-9.050685744441215e-05
1.6256281407035176	-2.4623282058800116e-12	-4.596350840885561e-10	-4.494837087602234e-08	-2.5391538947540444e-06	-9.09908517394949e-05
1.635678391959799	-2.4754143757431927e-12	-4.620778383774023e-10	-4.5187251304290297e-08	-2.552648358691127e-06	-9.147442729981832e-05
1.6457286432160805	-2.488489293450634e-12	-4.645184922616244e-10	-4.5425926330992314e-08	-2.5661312194004176e-06	-9.19575870572312e-05
1.655778894472362	-2.5015530373054527e-12	-4.669570603578199e-10	-4.566439738550631e-08	-2.579602557628125e-06	-9.244033390528255e-05
1.6658291457286432	-2.5146056845940703e-12	-4.693935570928024e-10	-4.5902665878651e-08	-2.5930624530720387e-06	-9.292267069995128e-05
1.6758793969849246	-2.5276473116054673e-12	-4.718279967071967e-10	-4.61407332030374e-08	-2.606510984401388e-06	-9.340460026035759e-05
1.685929648241206	-2.540677993649954e-12	-4.742603932589426e-10	-4.6378600733411484e-08	-2.619948229276198e-06	-9.38861253694568e-05
1.6959798994974875	-2.5536978050774897e-12	-4.766907606267135e-10	-4.661626982698854e-08	-2.6333742643661765e-06	-9.436724877471612e-05
1.706030150753769	-2.566706819295537e-12	-4.791191125132502e-10	-4.6853741823779184e-08	-2.646789165369132e-06	-9.48479731887746e-05
1.7160804020100502	-2.5797051087864935e-12	-4.815454624486147e-10	-4.7091018046907454e-08	-2.6601930070289432e-06	-9.532830129008711e-05
1.7261306532663316	-2.5926927451246975e-12	-4.839698237933642e-10	-4.732809980292132e-08	-2.673585863153099e-06	-9.580823572355297e-05
1.736180904522613	-2.6056697989930215e-12	-4.863922097416489e-10	-4.7564988382095536e-08	-2.686967806629805e-06	-9.628777910112886e-05
1.7462311557788945	-2.618636340199068e-12	-4.88812633324235e-10	-4.780168505872737e-08	-2.700338909444694e-06	-9.676693400242757e-05
1.756281407035176	-2.6315924376909853e-12	-4.912311074114571e-10	-4.8038191091425184e-08	-2.713699242697124e-06	-9.724570297530223e-05
1.7663316582914572	-2.644538159572901e-12	-4.936476447160992e-10	-4.827450772339027e-08	-2.7270488766161014e-06	-9.772408853641679e-05
1.7763819095477387	-2.6574735731200007e-12	-4.960622577962091e-10	-4.851063618269204e-08	-2.740387880575824e-06	-9.820209317180314e-05
1.7864321608040201	-2.6703987447932406e-12	-4.984749590578452e-10	-4.874657768253667e-08	-2.753716323110862e-06	-9.867971933740482e-05
1.7964824120603016	-2.6833137402537355e-12	-5.008857607577616e-10	-4.8982333421529624e-08	-2.7670342719309805e-06	-9.915696945960863e-05
1.806532663316583	-2.6962186243767966e-12	-5.032946750060295e-10	-4.9217904583932067e-08	-2.780341793935631e-06	-9.963384593576348e-05
1.8165829145728642	-2.7091134612656566e-12	-5.057017137685983e-10	-4.945329233991122e-08	-2.793638955228094e-06	-0.00010011035113468759
1.8266331658291457	-2.721998314264876e-12	-5.08106888869798e-10	-4.968849784578526e-08	-2.8069258211293065e-06	-0.00010058648739716366
1.8366834170854272	-2.7348732459734483e-12	-5.105102119947871e-10	-4.992352224426246e-08	-2.8202024561913783e-06	-0.00010106225703642349
1.8467336683417086	-2.7477383182576016e-12	-5.129116946919398e-10	-5.015836666467484e-08	-2.833468924210789e-06	-0.00010153766233862077
1.85678391959799	-2.7605935922633176e-12	-5.153113483751852e-10	-5.0393032223206804e-08	-2.846725288241301e-06	-0.00010201270556329382
1.8668341708542713	-2.7734391284285714e-12	-5.177091843262902e-10	-5.062752002311844e-08	-2.8599716106065813e-06	-0.0001024873889438179
1.8768844221105527	-2.786274986495289e-12	-5.201052136970929e-10	-5.086183115496393e-08	-2.8732079529125284e-06	-0.00010296171468784704
1.8869346733668342	-2.799101225521055e-12	-5.224994475116875e-10	-5.109596669680515e-08	-2.886434376059349e-06	-0.00010343568497774659
1.8969849246231156	-2.8119179038905455e-12	-5.248918966685582e-10	-5.132992771442045e-08	-2.899650940253345e-06	-0.0001039093019710159
1.907035175879397	-2.8247250793267235e-12	-5.272825719426697e-10	-5.1563715261508984e-08	-2.912857705018462e-06	-0.00010438256780070185
1.9170854271356783	-2.8375228089017827e-12	-5.296714839875094e-10	-5.179733037989051e-08	-2.9260547292075703e-06	-0.00010485548457580343
1.9271356783919598	-2.8503111490478615e-12	-5.320586433370874e-10	-5.203077409970089e-08	-2.939242071013513e-06	-0.00010532805438166737
1.9371859296482412	-2.8630901555675093e-12	-5.344440604078905e-10	-5.226404743958329e-08	-2.952419787979906e-06	-0.0001058002792803753
1.9472361809045227	-2.8758598836439556e-12	-5.368277455007994e-10	-5.2497151406875455e-08	-2.965587937011716e-06	-0.00010627216131112281
1.9572864321608041	-2.8886203878511253e-12	-5.392097088029575e-10	-5.2730086997792726e-08	-2.978746574385599e-06	-0.00010674370249058991
1.9673366834170853	-2.9013717221634733e-12	-5.415899603896068e-10	-5.296285519760739e-08	-2.9918957557600376e-06	-0.00010721490481330423
1.9773869346733668	-2.914113939965592e-12	-5.43968510225882e-10	-5.319545698082419e-08	-3.0050355361852438e-06	-0.00010768577025199607
1.9874371859296482	-2.926847094061623e-12	-5.463453681685662e-10	-5.3427893311352e-08	-3.01816597011287e-06	-0.0001081563007579462
1.9974874371859297	-2.9395712366844674e-12	-5.487205439678119e-10	-5.3660165142672173e-08	-3.0312871114055086e-06	-0.00010862649826132642
2.007537688442211	-2.952286419504811e-12	-5.510940472688235e-10	-5.389227341800299e-08	-3.0443990133459928e-06	-0.00010909636467153269
2.0175879396984926	-2.9649926936399616e-12	-5.534658876135084e-10	-5.4124219070461206e-08	-3.057501728646509e-06	-0.00010956590187751193
2.027638190954774	-2.977690109662493e-12	-5.558360744420909e-10	-5.4356003023219845e-08	-3.070595309457522e-06	-0.00011003511174808157
2.0376884422110555	-2.9903787176087314e-12	-5.582046170946946e-10	-5.4587626189662885e-08	-3.083679807376508e-06	-0.00011050399613224274
2.0477386934673367	-3.003058566987048e-12	-5.605715248128921e-10	-5.481908947353695e-08	-3.096755273456523e-06	-0.00011097255685948713
2.057788944723618	-3.0157297067859995e-12	-5.629368067412235e-10	-5.505039376909961e-08	-3.1098217582145854e-06	-0.00011144079574009757
2.0678391959798996	-3.028392185482293e-12	-5.65300471928684e-10	-5.528153996126507e-08	-3.122879311639899e-06	-0.0001119087145654425
2.077889447236181	-3.041046051048596e-12	-5.676625293301807e-10	-5.551252892574643e-08	-3.1359279832018974e-06	-0.00011237631510826429
2.0879396984924625	-3.053691350961191e-12	-5.700229878079624e-10	-5.57433615291957e-08	-3.1489678218581434e-06	-0.00011284359912296256
2.0979899497487438	-3.066328132207472e-12	-5.723818561330187e-10	-5.597403862934044e-08	-3.1619988760620567e-06	-0.00011331056834587077
2.108040201005025	-3.0789564412932992e-12	-5.747391429864526e-10	-5.6204561075118126e-08	-3.175021193770503e-06	-0.00011377722449552829
2.1180904522613067	-3.0915763242502043e-12	-5.770948569608258e-10	-5.6434929706807585e-08	-3.188034822451214e-06	-0.00011424356927294642
2.128140703517588	-3.104187826642454e-12	-5.794490065614769e-10	-5.6665145356158066e-08	-3.201039809090083e-06	-0.00011470960436186963
2.1381909547738696	-3.1167909935739802e-12	-5.818016002078159e-10	-5.6895208846515656e-08	-3.214036200198305e-06	-0.00011517533142903159
2.148241206030151	-3.1293858696951654e-12	-5.841526462345891e-10	-5.71251209929471e-08	-3.2270240418193697e-06	-0.00011564075212440574
2.158291457286432	-3.1419724992095134e-12	-5.865021528931261e-10	-5.735488260236171e-08	-3.2400033795359525e-06	-0.00011610586808145203
2.1683417085427137	-3.1545509258801713e-12	-5.888501283525566e-10	-5.758449447363033e-08	-3.252974258476628e-06	-0.00011657068091735788
2.178391959798995	-3.1671211930363415e-12	-5.911965807010066e-10	-5.781395739770234e-08	-3.2659367233224865e-06	-0.00011703519223327488
2.1884422110552766	-3.179683343579568e-12	-5.93541517946773e-10	-5.8043272157720526e-08	-3.2788908183136216e-06	-0.00011749940361455148
2.198492462311558	-3.1922374199898937e-12	-5.95884948019472e-10	-5.8272439529133374e-08	-3.29183658725547e-06	-0.00011796331663096028
2.208542713567839	-3.204783464331919e-12	-5.982268787711707e-10	-5.850146027980574e-08	-3.3047740735250655e-06	-0.0001184269328369219
2.2185929648241207	-3.21732151826073e-12	-6.005673179774934e-10	-5.873033517012701e-08	-3.317703320077151e-06	-0.00011889025377172416
2.228643216080402	-3.229851623027721e-12	-6.029062733387086e-10	-5.895906495311744e-08	-3.3306243694501816e-06	-0.00011935328095973709
2.2386934673366836	-3.2423738194863136e-12	-6.052437524807962e-10	-5.918765037453246e-08	-3.3435372637722226e-06	-0.0001198160159106245
2.248743718592965	-3.254888148097559e-12	-6.07579762956494e-10	-5.941609217296514e-08	-3.3564420447667294e-06	-0.00012027846011955087
2.258793969849246	-3.2673946489356517e-12	-6.099143122463258e-10	-5.964439107994652e-08	-3.369338753758225e-06	-0.00012074061506738487
2.2688442211055277	-3.2798933616933224e-12	-6.122474077596095e-10	-5.987254782004441e-08	-3.3822274316778725e-06	-0.00012120248222089914
2.278894472361809	-3.2923843256871482e-12	-6.145790568354473e-10	-6.010056311096005e-08	-3.3951081190689432e-06	-0.00012166406303296618
2.2889447236180906	-3.3048675798627614e-12	-6.16909266743698e-10	-6.032843766362335e-08	-3.4079808560921883e-06	-0.00012212535894275074
2.298994974874372	-3.3173431627999567e-12	-6.192380446859309e-10	-6.055617218228602e-08	-3.42084568253111e-06	-0.0001225863713758989
2.309045226130653	-3.3298111127177147e-12	-6.215653977963635e-10	-6.078376736461338e-08	-3.433702637797136e-06	-0.00012304710174472345
2.319095477386935	-3.3422714674791342e-12	-6.238913331427816e-10	-6.10112239017743e-08	-3.4465517609347107e-06	-0.0001235075514483862
2.329145728643216	-3.354724264596268e-12	-6.262158577274422e-10	-6.123854247852948e-08	-3.4593930906262784e-06	-0.00012396772187307664
2.3391959798994977	-3.367169541234882e-12	-6.285389784879626e-10	-6.14657237733184e-08	-3.472226665197193e-06	-0.000124427614392188
2.349246231155779	-3.379607334219124e-12	-6.308607022981907e-10	-6.16927684583445e-08	-3.485052522620532e-06	-0.00012488723036648954
2.35929648241206	-3.392037680036111e-12	-6.331810359690626e-10	-6.191967719965888e-08	-3.4978707005218253e-06	-0.00012534657114429617
2.369346733668342	-3.4044606148404386e-12	-6.354999862494429e-10	-6.21464506572427e-08	-3.5106812361837073e-06	-0.0001258056380616351
2.379396984924623	-3.416876174458605e-12	-6.378175598269518e-10	-6.237308948508786e-08	-3.523484166550479e-06	-0.00012626443244240926
2.3894472361809047	-3.429284394393364e-12	-6.401337633287771e-10	-6.25995943312765e-08	-3.5362795282325933e-06	-0.0001267229555985582
2.399497487437186	-3.441685309827998e-12	-6.424486033224714e-10	-6.282596583805899e-08	-3.549067357511068e-06	-0.00012718120883021603
2.409547738693467	-3.454078955630519e-12	-6.447620863167377e-10	-6.305220464193067e-08	-3.561847690341811e-06	-0.00012763919342586663
2.419597989949749	-3.466465366357797e-12	-6.470742187621984e-10	-6.327831137370711e-08	-3.5746205623598826e-06	-0.00012809691066249614
2.42964824120603	-3.478844576259617e-12	-6.49385007052153e-10	-6.350428665859819e-08	-3.5873860088836733e-06	-0.00012855436180574288
2.4396984924623117	-3.491216619282665e-12	-6.516944575233234e-10	-6.373013111628101e-08	-3.6001440649190225e-06	-0.00012901154811004487
2.449748743718593	-3.5035815290744477e-12	-6.540025764565842e-10	-6.395584536097123e-08	-3.612894765163252e-06	-0.0001294684708187844
2.459798994974874	-3.5159393389871493e-12	-6.563093700776826e-10	-6.418143000149358e-08	-3.6256381440091483e-06	-0.00012992513116443053
2.469849246231156	-3.5282900820814134e-12	-6.586148445579458e-10	-6.440688564135092e-08	-3.6383742355488625e-06	-0.00013038153036867926
2.4798994974874375	-3.5406337911300726e-12	-6.609190060149752e-10	-6.463221287879226e-08	-3.6511030735777524e-06	-0.0001308376696425908
2.4899497487437188	-3.552970498621804e-12	-6.632218605133303e-10	-6.485741230687953e-08	-3.663824691598155e-06	-0.00013129355018672497
2.5	-3.5653002367647353e-12	-6.655234140652016e-10	-6.50824845135534e-08	-3.6765391228231073e-06	-0.0001317491731912746
